Li2O conduction
	0	1
  10.2200000000    0.0000000000    0.0000000000
  -0.0000000000    10.2200000000    0.0000000000
  -0.0000000000   -0.0000000000    10.2200000000
      Li         1         3
   1.152571139000000    1.152571139000000    1.152571139000000
      Li         2         3
   1.152571139000000    1.152571139000000    5.762855697000000
      Li         3         3
   1.152571139000000    5.762855697000000    1.152571139000000
      Li         4         3
   1.152571139000000    5.762855697000000    5.762855697000000
      Li         5         3
   5.762855697000000    1.152571139000000    1.152571139000000
      Li         6         3
   5.762855697000000    1.152571139000000    5.762855697000000
      Li         7         3
   5.762855697000000    5.762855697000000    1.152571139000000
      Li         8         3
   5.762855697000000    5.762855697000000    5.762855697000000
      Li         9         3
   3.457713418000000    3.457713418000000    3.457713418000000
      Li        10         3
   3.457713418000000    3.457713418000000    8.067997975999999
      Li        11         3
   3.457713418000000    8.067997975999999    3.457713418000000
      Li        12         3
   3.457713418000000    8.067997975999999    8.067997975999999
      Li        13         3
   8.067997975999999    3.457713418000000    3.457713418000000
      Li        14         3
   8.067997975999999    3.457713418000000    8.067997975999999
      Li        15         3
   8.067997975999999    8.067997975999999    3.457713418000000
      Li        16         3
   8.067997975999999    8.067997975999999    8.067997975999999
      Li        17         3
   3.457713418000000    1.152571139000000    3.457713418000000
      Li        18         3
   3.457713418000000    1.152571139000000    8.067997975999999
      Li        19         3
   3.457713418000000    5.762855697000000    3.457713418000000
      Li        20         3
   3.457713418000000    5.762855697000000    8.067997975999999
      Li        21         3
   8.067997975999999    1.152571139000000    3.457713418000000
      Li        22         3
   8.067997975999999    1.152571139000000    8.067997975999999
      Li        23         3
   8.067997975999999    5.762855697000000    3.457713418000000
      Li        24         3
   8.067997975999999    5.762855697000000    8.067997975999999
      Li        25         3
   1.152571139000000    1.152571139000000    3.457713418000000
      Li        26         3
   1.152571139000000    1.152571139000000    8.067997975999999
      Li        27         3
   1.152571139000000    5.762855697000000    3.457713418000000
      Li        28         3
   1.152571139000000    5.762855697000000    8.067997975999999
      Li        29         3
   5.762855697000000    1.152571139000000    3.457713418000000
      Li        30         3
   5.762855697000000    1.152571139000000    8.067997975999999
      Li        31         3
   5.762855697000000    5.762855697000000    3.457713418000000
      Li        32         3
   5.762855697000000    5.762855697000000    8.067997975999999
      Li        33         3
   1.152571139000000    3.457713418000000    3.457713418000000
      Li        34         3
   1.152571139000000    3.457713418000000    8.067997975999999
      Li        35         3
   1.152571139000000    8.067997975999999    3.457713418000000
      Li        36         3
   1.152571139000000    8.067997975999999    8.067997975999999
      Li        37         3
   5.762855697000000    3.457713418000000    3.457713418000000
      Li        38         3
   5.762855697000000    3.457713418000000    8.067997975999999
      Li        39         3
   5.762855697000000    8.067997975999999    3.457713418000000
      Li        40         3
   5.762855697000000    8.067997975999999    8.067997975999999
      Li        41         3
   1.152571139000000    3.457713418000000    1.152571139000000
      Li        42         3
   1.152571139000000    3.457713418000000    5.762855697000000
      Li        43         3
   1.152571139000000    8.067997975999999    1.152571139000000
      Li        44         3
   1.152571139000000    8.067997975999999    5.762855697000000
      Li        45         3
   5.762855697000000    3.457713418000000    1.152571139000000
      Li        46         3
   5.762855697000000    3.457713418000000    5.762855697000000
      Li        47         3
   5.762855697000000    8.067997975999999    1.152571139000000
      Li        48         3
   5.762855697000000    8.067997975999999    5.762855697000000
      Li        49         3
   3.457713418000000    3.457713418000000    1.152571139000000
      Li        50         3
   3.457713418000000    3.457713418000000    5.762855697000000
      Li        51         3
   3.457713418000000    8.067997975999999    1.152571139000000
      Li        52         3
   3.457713418000000    8.067997975999999    5.762855697000000
      Li        53         3
   8.067997975999999    3.457713418000000    1.152571139000000
      Li        54         3
   8.067997975999999    3.457713418000000    5.762855697000000
      Li        55         3
   8.067997975999999    8.067997975999999    1.152571139000000
      Li        56         3
   8.067997975999999    8.067997975999999    5.762855697000000
      Li        57         3
   3.457713418000000    1.152571139000000    1.152571139000000
      Li        58         3
   3.457713418000000    1.152571139000000    5.762855697000000
      Li        59         3
   3.457713418000000    5.762855697000000    1.152571139000000
      Li        60         3
   3.457713418000000    5.762855697000000    5.762855697000000
      Li        61         3
   8.067997975999999    1.152571139000000    1.152571139000000
      Li        62         3
   8.067997975999999    1.152571139000000    5.762855697000000
      Li        63         3
   8.067997975999999    5.762855697000000    1.152571139000000
      Li        64         3
   8.067997975999999    5.762855697000000    5.762855697000000
       O        65         8
   0.000000000000000    0.000000000000000    0.000000000000000
       O        66         8
   0.000000000000000    0.000000000000000    4.610284558000000
       O        67         8
  -0.000000000000000    4.610284558000000    0.000000000000000
       O        68         8
  -0.000000000000000    4.610284558000000    4.610284558000000
       O        69         8
   4.610284558000000   -0.000000000000000    0.000000000000000
       O        70         8
   4.610284558000000   -0.000000000000000    4.610284558000000
       O        71         8
   4.610284558000000    4.610284558000000    0.000000000000000
       O        72         8
   4.610284558000000    4.610284558000000    4.610284558000000
       O        73         8
   2.305142279000000    2.305142279000000    0.000000000000000
       O        74         8
   2.305142279000000    2.305142279000000    4.610284558000000
       O        75         8
   2.305142279000000    6.915426837000000    0.000000000000000
       O        76         8
   2.305142279000000    6.915426837000000    4.610284558000000
       O        77         8
   6.915426837000000    2.305142279000000    0.000000000000000
       O        78         8
   6.915426837000000    2.305142279000000    4.610284558000000
       O        79         8
   6.915426837000000    6.915426837000000    0.000000000000000
       O        80         8
   6.915426837000000    6.915426837000000    4.610284558000000
       O        81         8
   2.305142279000000   -0.000000000000000    2.305142279000000
       O        82         8
   2.305142279000000   -0.000000000000000    6.915426837000000
       O        83         8
   2.305142279000000    4.610284558000000    2.305142279000000
       O        84         8
   2.305142279000000    4.610284558000000    6.915426837000000
       O        85         8
   6.915426837000000   -0.000000000000000    2.305142279000000
       O        86         8
   6.915426837000000   -0.000000000000000    6.915426837000000
       O        87         8
   6.915426837000000    4.610284558000000    2.305142279000000
       O        88         8
   6.915426837000000    4.610284558000000    6.915426837000000
       O        89         8
  -0.000000000000000    2.305142279000000    2.305142279000000
       O        90         8
  -0.000000000000000    2.305142279000000    6.915426837000000
       O        91         8
  -0.000000000000000    6.915426837000000    2.305142279000000
       O        92         8
  -0.000000000000000    6.915426837000000    6.915426837000000
       O        93         8
   4.610284558000000    2.305142279000000    2.305142279000000
       O        94         8
   4.610284558000000    2.305142279000000    6.915426837000000
       O        95         8
   4.610284558000000    6.915426837000000    2.305142279000000
       O        96         8
   4.610284558000000    6.915426837000000    6.915426837000000
