O2 Zr0.93
         0        2
	11.37348	 0.00000	 0.00000
	 0.00000	11.42340	 0.00000
	 0.00000	 0.00000	11.76148	
       O         1         8
   0.047300000000000    1.663884000000000    1.888975000000000
       O         2         8
   8.688366000000000    8.761456000000001    8.747144000000001
       O         3         8
   9.916727000000000    4.270219000000000    0.770055000000000
       O         4         8
  -0.362154000000000    0.942451000000000    4.548005000000000
       O         5         8
  -0.771608000000000    1.663884000000000    7.207035000000000
       O         6         8
   9.507274000000001    8.761456000000001    3.429085000000000
       O         7         8
   9.097818999999999    4.270219000000000    6.088114000000000
       O         8         8
  -1.181062000000000    0.942451000000000    9.866064000000000
       O         9         8
   0.047300000000000    6.876554000000000    1.888975000000000
       O        10         8
   8.688366000000000    3.548785000000000    8.747144000000001
       O        11         8
   9.916727000000000    9.482889000000000    0.770055000000000
       O        12         8
  -0.362154000000000    6.155120000000000    4.548005000000000
       O        13         8
  -0.771608000000000    6.876554000000000    7.207035000000000
       O        14         8
   9.507274000000001    3.548785000000000    3.429085000000000
       O        15         8
   9.097818999999999    9.482889000000000    6.088114000000000
       O        16         8
  -1.181062000000000    6.155120000000000    9.866064000000000
       O        17         8
   5.234039000000000    1.663884000000000    1.888975000000000
       O        18         8
   3.501626000000000    8.761456000000001    8.747144000000001
       O        19         8
   4.729987000000000    4.270219000000000    0.770055000000000
       O        20         8
   4.824585000000000    0.942451000000000    4.548005000000000
       O        21         8
   4.415132000000000    1.663884000000000    7.207035000000000
       O        22         8
   4.320533000000000    8.761456000000001    3.429085000000000
       O        23         8
   3.911079000000000    4.270219000000000    6.088114000000000
       O        24         8
   4.005678000000000    0.942451000000000    9.866064000000000
       O        25         8
   5.234039000000000    6.876554000000000    1.888975000000000
       O        26         8
   3.501626000000000    3.548785000000000    8.747144000000001
       O        27         8
   4.729987000000000    9.482889000000000    0.770055000000000
       O        28         8
   4.824585000000000    6.155120000000000    4.548005000000000
       O        29         8
   4.415132000000000    6.876554000000000    7.207035000000000
       O        30         8
   4.320533000000000    3.548785000000000    3.429085000000000
       O        31         8
   3.911079000000000    9.482889000000000    6.088114000000000
       O        32         8
   4.005678000000000    6.155120000000000    9.866064000000000
       O        33         8
   1.965171000000000    3.923576000000000    2.523419000000000
       O        34         8
   6.770494000000000    6.501763000000000    8.112700000000000
       O        35         8
   7.998855000000000    6.529912000000000    0.135611000000000
       O        36         8
   1.555717000000000    9.108098000000000    5.182449000000000
       O        37         8
   1.146264000000000    3.923576000000000    7.841478000000000
       O        38         8
   7.589401000000000    6.501763000000000    2.794640000000000
       O        39         8
   7.179947000000000    6.529912000000000    5.453671000000000
       O        40         8
   0.736810000000000    9.108098000000000   10.500508000000000
       O        41         8
   1.965171000000000    9.136246999999999    2.523419000000000
       O        42         8
   6.770494000000000    1.289093000000000    8.112700000000000
       O        43         8
   7.998855000000000    1.317241000000000    0.135611000000000
       O        44         8
   1.555717000000000    3.895428000000000    5.182449000000000
       O        45         8
   1.146264000000000    9.136246999999999    7.841478000000000
       O        46         8
   7.589401000000000    1.289093000000000    2.794640000000000
       O        47         8
   7.179947000000000    1.317241000000000    5.453671000000000
       O        48         8
   0.736810000000000    3.895428000000000   10.500508000000000
       O        49         8
   7.151911000000000    3.923576000000000    2.523419000000000
       O        50         8
   1.583754000000000    6.501763000000000    8.112700000000000
       O        51         8
   2.812115000000000    6.529912000000000    0.135611000000000
       O        52         8
   6.742457000000000    9.108098000000000    5.182449000000000
       O        53         8
   6.333004000000000    3.923576000000000    7.841478000000000
       O        54         8
   2.402662000000000    6.501763000000000    2.794640000000000
       O        55         8
   1.993208000000000    6.529912000000000    5.453671000000000
       O        56         8
   5.923550000000000    9.108098000000000   10.500508000000000
       O        57         8
   7.151911000000000    9.136246999999999    2.523419000000000
       O        58         8
   1.583754000000000    1.289093000000000    8.112700000000000
       O        59         8
   2.812115000000000    1.317241000000000    0.135611000000000
       O        60         8
   6.742457000000000    3.895428000000000    5.182449000000000
       O        61         8
   6.333004000000000    9.136246999999999    7.841478000000000
       O        62         8
   2.402662000000000    1.289093000000000    2.794640000000000
       O        63         8
   1.993208000000000    1.317241000000000    5.453671000000000
       O        64         8
   5.923550000000000    3.895428000000000   10.500508000000000
      Zr        65        40
   1.251080000000000    0.192869000000000    1.114665000000000
      Zr        66        40
   7.484585000000000   10.232471000000000    9.521454000000000
      Zr        67        40
   8.712946000000001    2.799204000000000    1.544364000000000
      Zr        68        40
   0.841626000000000    2.413466000000000    3.773695000000000
      Zr        69        40
   0.432172000000000    0.192869000000000    6.432724000000000
      Zr        70        40
   8.303493000000000   10.232471000000000    4.203394000000000
      Zr        71        40
   7.894039000000000    2.799204000000000    6.862424000000000
      Zr        72        40
   0.022719000000000    2.413466000000000    9.091754000000000
      Zr        73        40
   1.251080000000000    5.405539000000000    1.114665000000000
      Zr        74        40
   7.484585000000000    5.019801000000000    9.521454000000000
      Zr        75        40
   8.712946000000001    8.011873000000000    1.544364000000000
      Zr        76        40
   0.841626000000000    7.626136000000000    3.773695000000000
      Zr        77        40
   0.432172000000000    5.405539000000000    6.432724000000000
      Zr        78        40
   8.303493000000000    5.019801000000000    4.203394000000000
      Zr        79        40
   7.894039000000000    8.011873000000000    6.862424000000000
      Zr        80        40
   0.022719000000000    7.626136000000000    9.091754000000000
      Zr        81        40
   6.437819000000000    0.192869000000000    1.114665000000000
      Zr        82        40
   2.297845000000000   10.232471000000000    9.521454000000000
      Zr        83        40
   3.526206000000000    2.799204000000000    1.544364000000000
      Zr        84        40
   6.028366000000000    2.413466000000000    3.773695000000000
      Zr        85        40
   5.618912000000000    0.192869000000000    6.432724000000000
      Zr        86        40
   3.116753000000000   10.232471000000000    4.203394000000000
      Zr        87        40
   2.707299000000000    2.799204000000000    6.862424000000000
      Zr        88        40
   5.209458000000000    2.413466000000000    9.091754000000000
      Zr        89        40
   6.437819000000000    5.405539000000000    1.114665000000000
      Zr        90        40
   2.297845000000000    5.019801000000000    9.521454000000000
      Zr        91        40
   3.526206000000000    8.011873000000000    1.544364000000000
      Zr        92        40
   6.028366000000000    7.626136000000000    3.773695000000000
      Zr        93        40
   5.618912000000000    5.405539000000000    6.432724000000000
      Zr        94        40
   3.116753000000000    5.019801000000000    4.203394000000000
      Zr        95        40
   2.707299000000000    8.011873000000000    6.862424000000000
      Zr        96        40
   5.209458000000000    7.626136000000000    9.091754000000000
