Potassium Valinomycin
         0         0      2000    0.1000000000E-02
C              1
       -4.930689            2.214885           -2.233789
C              2
        1.898240           -4.658818           -1.705105
C              3
        3.184199            2.561329           -1.655980
C               4
       -4.981463            0.942370           -1.467862
C               5
        2.050125           -4.160002           -0.323818
C               6
        2.449014            3.184015           -0.444305
C              7
        3.970878            3.720262            2.945323
C              8
       -5.750693            0.652855            2.078229
C              9
        0.458177           -5.431310            2.779561
C             10
        5.244374            4.440519            2.396765
C             11
       -5.108044            1.984270            2.407484
C             12
        0.033295           -6.764085            2.128033
C             13
        3.605264            4.525295            4.202162
C             14
       -7.194039            0.971961            1.813373
C             15
        0.551926           -5.694697            4.282167
C             16
       -1.354692            3.318499            3.970253
C             17
       -2.880722           -3.414594            1.834687
C             18
        3.940630           -1.962735            5.022354
C             19
       -1.632289            5.512457           -1.609399
C             20
       -2.310221           -3.382858           -4.135263
C             21
        5.398650           -1.235079           -0.845792
C             22
        2.803521            3.787156            1.985701
C             23
       -4.993530            0.036220            0.882461
C             24
       -1.050331            6.798343           -0.964432
C             25
       -3.826222           -3.237462           -3.908709
C             26
        6.062193           -2.386782           -0.113635
C             27
       -2.380064            5.957061           -2.802490
C             28
       -2.012876           -4.169554           -5.415282
C             29
        1.651031           -4.773911            2.115301
C             30
        6.491965           -0.656428           -1.723658
C             31
       -6.338387            2.660534           -2.609339
C             32
        2.624928           -6.013361           -1.830895
C             33
        3.914942            3.587070           -2.502708
C             34
       -7.254158            2.881120           -1.410147
C             35
        1.865330           -7.173961           -1.298577
C             36
        5.095909            4.160821           -1.813137
C             37
       -6.340183            4.016094           -3.265636
C             38
        2.989376           -6.286311           -3.274586
C             39
        3.086351            4.746869           -3.031316
C              40
        1.528529            3.234577            2.603751
C              41
       -3.695407           -0.721187            1.049814
C              42
        1.818779           -3.343417            2.655922
C             43
       -0.883896            3.263706            2.517895
C             44
       -2.320077           -2.689347            0.616699
C             45
        3.376799           -1.669007            3.620565
C              46
       -1.957143            3.970915            1.661064
C              47
       -1.975813           -3.702694           -0.454861
C              48
        4.392607           -0.962697            2.709040
C             49
       -2.424963            4.612006           -0.644676
C             50
       -1.635786           -3.903505           -2.884301
C             51
        4.780840           -0.305143            0.204609
C              52
       -2.986689            3.455829           -1.436976
C              53
       -0.127354           -3.912673           -2.930295
C              54
        3.740423            0.500930           -0.553459
H              55
        4.029428            2.731601            0.589004
H              56
       -4.966327            2.007434            0.124367
H             57
       -4.461174            2.060759           -3.114276
H             58
        2.349349           -4.005513           -2.310504
H             59
        2.485460            2.142506           -2.237090
H             60
        4.153774            2.759387            3.163563
H             61
       -5.676784            0.014619            2.843306
H             62
       -0.327149           -4.808198            2.667628
H             63
        5.929414            4.461922            3.097292
H             64
       -7.613233            1.306829            2.660808
H             65
        4.997995            5.351959            2.099085
H             66
        5.624219            3.924270            1.608792
H             67
       -7.663223            0.119444            1.559066
H             68
       -7.317862            1.645688            1.085893
H             69
       -0.190846           -6.284107            4.594762
H             70
        0.478800           -4.838980            4.779544
H             71
        1.421269           -6.141464            4.507344
H             72
        3.340990            5.486846            4.040463
H             73
       -5.458634            2.318976            3.266578
H             74
        4.393840            4.465086            4.817931
H             75
        2.857848            4.076299            4.709072
H             76
       -5.289550            2.702036            1.738101
H             77
       -4.133258            1.903238            2.528106
H             78
       -0.697802           -7.196045            2.669986
H             79
        0.796358           -7.397582            2.046632
H             80
       -0.408701           -6.610904            1.231095
H             81
       -2.302503            3.006430            4.053031
H             82
       -2.373555           -4.264596            1.989054
H             83
       -1.340184            4.275820            4.258322
H             84
       -0.777810            2.791163            4.587627
H             85
       -3.825495           -3.619329            1.669275
H             86
       -2.800854           -2.836230            2.654287
H             87
        4.178311           -1.085162            5.471077
H             88
        4.752786           -2.525787            4.928372
H             89
        3.255751           -2.398106            5.593307
H             90
       -0.859290            5.006181           -1.983239
H             91
       -1.984108           -2.463390           -4.341278
H             92
        4.690664           -1.647680           -1.418837
H             93
        2.626105            4.746336            1.747124
H             94
       -5.611623           -0.710443            0.605011
H             95
       -0.489185            7.322466           -1.596460
H             96
       -4.340829           -3.069456           -4.724970
H             97
       -0.506094            6.529517           -0.189967
H             98
       -1.797709            7.376385           -0.625254
H             99
       -3.990860           -2.507309           -3.275018
H            100
       -4.219708           -4.068199           -3.505884
H            101
        6.527851           -2.973481           -0.789414
H            102
        5.355174           -2.899493            0.360332
H            103
        6.688899           -2.015858            0.569017
H            104
       -1.876087            6.589905           -3.399115
H            105
       -2.640741           -3.903318           -6.146253
H            106
       -3.236955            6.400371           -2.531890
H            107
       -2.668241            5.193405           -3.372448
H            108
       -2.213631           -5.125680           -5.198170
H            109
       -1.078782           -4.078945           -5.747231
H            110
        6.832487           -1.353303           -2.342641
H            111
        7.222332           -0.315938           -1.139451
H            112
        6.126706            0.108913           -2.246024
H            113
       -6.779181            2.017523           -3.225551
H            114
        3.481514           -5.933721           -1.332607
H            115
        4.229627            3.149089           -3.337863
H            116
       -8.111559            3.303193           -1.677249
H            117
        2.427893           -8.001863           -1.361621
H            118
       -6.836280            3.527498           -0.749354
H            119
       -7.523684            1.999668           -1.041958
H            120
        1.042940           -7.310773           -1.843837
H            121
        1.583020           -7.106452           -0.339315
H            122
        5.656981            4.681502           -2.435147
H            123
        5.676786            3.416613           -1.461166
H            124
        4.772779            4.732698           -1.049833
H            125
       -7.177015            4.224671           -3.760417
H            126
        3.424814           -7.159362           -3.424719
H            127
       -5.652322            4.056526           -4.004965
H            128
       -6.124323            4.736706           -2.598364
H            129
        3.571091           -5.543611           -3.626910
H            130
        2.149709           -6.292827           -3.815550
H            131
        3.605856            5.402733           -3.587749
H            132
        2.665710            5.256654           -2.285895
H            133
        2.367058            4.414849           -3.627272
H            134
       -0.864069            2.285119            2.256417
H            135
       -1.484255           -2.230462            0.876775
H             136
        0.723896           -5.465563            0.357024
H            137
        2.475486           -5.305756            2.277149
H            138
        2.569256           -1.087988            3.711664
H             139
        3.343773           -1.473021            1.095021
H            140
        5.495198            0.324021            0.503445
H             141
       -0.646736            3.823642            0.220973
H             142
       -2.113809           -2.171081           -1.767960
H            143
       -3.185779            5.155785           -0.273921
H            144
       -1.967800           -4.839543           -2.786253
N             145
        3.125071            3.113536            0.723762
N             146
       -5.052078            1.050170           -0.158700
N             147
        1.407943           -4.804856            0.667245
N             148
       -1.585896            4.095207            0.438879
N             149
       -1.937785           -3.147727           -1.669424
N             150
        4.140069           -0.917000            1.388047
O            151
       -4.319269            3.319033           -1.534516
O            152
        0.497763           -4.744638           -2.078270
O            153
        4.143452            1.509538           -1.338421
O            154
        1.595191            2.279093            3.344433
O            155
       -3.002964           -0.543035            2.054642
O            156
        1.056801           -2.473723            2.346478
O             157
       -3.130864            4.226314            2.078279
O             158
       -1.688065           -4.895174           -0.268687
O             159
        5.324981           -0.348141            3.233080
O            160
       -2.259224            2.598534           -1.873800
O            161
        0.320914           -3.138281           -3.756031
O            162
        2.659869            0.047819           -0.553677
O             163
       -5.033279           -0.163814           -2.035140
O             164
        2.855349           -3.258663           -0.023906
O             165
        1.283775            3.554499           -0.458079
O            166
        0.412235            3.941553            2.363477
O            167
       -3.253654           -1.652139            0.181348
O            168
        3.003493           -3.002209            3.174359
K            169
     0.000000000         0.000000000        10.000000000
