Control file title. For DL_FIELD 4.5
         0         2
       51.3500000000        0.0000000000        0.0000000000
        0.0000000000       50.6310000000        0.0000000000
        0.0000000000        0.0000000000      100.0000000000
CA                1
    -23.94647619        -24.81500000          0.00000000
CA                2
    -25.17447619        -24.10600000          0.00000000
CA                3
    -25.17447619        -22.68800000          0.00000000
CA                4
    -23.94647619        -21.97900000          0.00000000
CA                5
    -21.49047619        -24.81500000          0.00000000
CA                6
    -22.71847619        -24.10600000          0.00000000
CA                7
    -22.71847619        -22.68800000          0.00000000
CA                8
    -21.49047619        -21.97900000          0.00000000
CA                9
    -19.03447619        -24.81500000          0.00000000
CA               10
    -20.26247619        -24.10600000          0.00000000
CA               11
    -20.26247619        -22.68800000          0.00000000
CA               12
    -19.03447619        -21.97900000          0.00000000
CA               13
    -16.57847619        -24.81500000          0.00000000
CA               14
    -17.80647619        -24.10600000          0.00000000
CA               15
    -17.80647619        -22.68800000          0.00000000
CA               16
    -16.57847619        -21.97900000          0.00000000
CA               17
    -14.12247619        -24.81500000          0.00000000
CA               18
    -15.35047619        -24.10600000          0.00000000
CA               19
    -15.35047619        -22.68800000          0.00000000
CA               20
    -14.12247619        -21.97900000          0.00000000
CA               21
    -11.66647619        -24.81500000          0.00000000
CA               22
    -12.89447619        -24.10600000          0.00000000
CA               23
    -12.89447619        -22.68800000          0.00000000
CA               24
    -11.66647619        -21.97900000          0.00000000
CA               25
     -9.21047619        -24.81500000          0.00000000
CA               26
    -10.43847619        -24.10600000          0.00000000
CA               27
    -10.43847619        -22.68800000          0.00000000
CA               28
     -9.21047619        -21.97900000          0.00000000
CA               29
     -6.75447619        -24.81500000          0.00000000
CA               30
     -7.98247619        -24.10600000          0.00000000
CA               31
     -7.98247619        -22.68800000          0.00000000
CA               32
     -6.75447619        -21.97900000          0.00000000
CA               33
     -4.29847619        -24.81500000          0.00000000
CA               34
     -5.52647619        -24.10600000          0.00000000
CA               35
     -5.52647619        -22.68800000          0.00000000
CA               36
     -4.29847619        -21.97900000          0.00000000
CA               37
     -1.84247619        -24.81500000          0.00000000
CA               38
     -3.07047619        -24.10600000          0.00000000
CA               39
     -3.07047619        -22.68800000          0.00000000
CA               40
     -1.84247619        -21.97900000          0.00000000
CA               41
      0.61352381        -24.81500000          0.00000000
CA               42
     -0.61447619        -24.10600000          0.00000000
CA               43
     -0.61447619        -22.68800000          0.00000000
CA               44
      0.61352381        -21.97900000          0.00000000
CA               45
      3.07052381        -24.81500000          0.00000000
CA               46
      1.84252381        -24.10600000          0.00000000
CA               47
      1.84252381        -22.68800000          0.00000000
CA               48
      3.07052381        -21.97900000          0.00000000
CA               49
      5.52652381        -24.81500000          0.00000000
CA               50
      4.29852381        -24.10600000          0.00000000
CA               51
      4.29852381        -22.68800000          0.00000000
CA               52
      5.52652381        -21.97900000          0.00000000
CA               53
      7.98252381        -24.81500000          0.00000000
CA               54
      6.75452381        -24.10600000          0.00000000
CA               55
      6.75452381        -22.68800000          0.00000000
CA               56
      7.98252381        -21.97900000          0.00000000
CA               57
     10.43852381        -24.81500000          0.00000000
CA               58
      9.21052381        -24.10600000          0.00000000
CA               59
      9.21052381        -22.68800000          0.00000000
CA               60
     10.43852381        -21.97900000          0.00000000
CA               61
     12.89452381        -24.81500000          0.00000000
CA               62
     11.66652381        -24.10600000          0.00000000
CA               63
     11.66652381        -22.68800000          0.00000000
CA               64
     12.89452381        -21.97900000          0.00000000
CA               65
     15.35052381        -24.81500000          0.00000000
CA               66
     14.12252381        -24.10600000          0.00000000
CA               67
     14.12252381        -22.68800000          0.00000000
CA               68
     15.35052381        -21.97900000          0.00000000
CA               69
     17.80652381        -24.81500000          0.00000000
CA               70
     16.57852381        -24.10600000          0.00000000
CA               71
     16.57852381        -22.68800000          0.00000000
CA               72
     17.80652381        -21.97900000          0.00000000
CA               73
     20.26252381        -24.81500000          0.00000000
CA               74
     19.03452381        -24.10600000          0.00000000
CA               75
     19.03452381        -22.68800000          0.00000000
CA               76
     20.26252381        -21.97900000          0.00000000
CA               77
     22.71852381        -24.81500000          0.00000000
CA               78
     21.49052381        -24.10600000          0.00000000
CA               79
     21.49052381        -22.68800000          0.00000000
CA               80
     22.71852381        -21.97900000          0.00000000
CA               81
     25.17452381        -24.81500000          0.00000000
CA               82
     23.94652381        -24.10600000          0.00000000
CA               83
     23.94652381        -22.68800000          0.00000000
CA               84
     25.17452381        -21.97900000          0.00000000
CA               85
    -23.94647619        -20.56100000          0.00000000
CA               86
    -25.17447619        -19.85200000          0.00000000
CA               87
    -25.17447619        -18.43400000          0.00000000
CA               88
    -23.94647619        -17.72500000          0.00000000
CA               89
    -21.49047619        -20.56100000          0.00000000
CA               90
    -22.71847619        -19.85200000          0.00000000
CA               91
    -22.71847619        -18.43400000          0.00000000
CA               92
    -21.49047619        -17.72500000          0.00000000
CA               93
    -19.03447619        -20.56100000          0.00000000
CA               94
    -20.26247619        -19.85200000          0.00000000
CA               95
    -20.26247619        -18.43400000          0.00000000
CA               96
    -19.03447619        -17.72500000          0.00000000
CA               97
    -16.57847619        -20.56100000          0.00000000
CA               98
    -17.80647619        -19.85200000          0.00000000
CA               99
    -17.80647619        -18.43400000          0.00000000
CA              100
    -16.57847619        -17.72500000          0.00000000
CA              101
    -14.12247619        -20.56100000          0.00000000
CA              102
    -15.35047619        -19.85200000          0.00000000
CA              103
    -15.35047619        -18.43400000          0.00000000
CA              104
    -14.12247619        -17.72500000          0.00000000
CA              105
    -11.66647619        -20.56100000          0.00000000
CA              106
    -12.89447619        -19.85200000          0.00000000
CA              107
    -12.89447619        -18.43400000          0.00000000
CA              108
    -11.66647619        -17.72500000          0.00000000
CA              109
     -9.21047619        -20.56100000          0.00000000
CA              110
    -10.43847619        -19.85200000          0.00000000
CA              111
    -10.43847619        -18.43400000          0.00000000
CA              112
     -9.21047619        -17.72500000          0.00000000
CA              113
     -6.75447619        -20.56100000          0.00000000
CA              114
     -7.98247619        -19.85200000          0.00000000
CA              115
     -7.98247619        -18.43400000          0.00000000
CA              116
     -6.75447619        -17.72500000          0.00000000
CA              117
     -4.29847619        -20.56100000          0.00000000
CA              118
     -5.52647619        -19.85200000          0.00000000
CA              119
     -5.52647619        -18.43400000          0.00000000
CA              120
     -4.29847619        -17.72500000          0.00000000
CA              121
     -1.84247619        -20.56100000          0.00000000
CA              122
     -3.07047619        -19.85200000          0.00000000
CA              123
     -3.07047619        -18.43400000          0.00000000
CA              124
     -1.84247619        -17.72500000          0.00000000
CA              125
      0.61352381        -20.56100000          0.00000000
CA              126
     -0.61447619        -19.85200000          0.00000000
CA              127
     -0.61447619        -18.43400000          0.00000000
CA              128
      0.61352381        -17.72500000          0.00000000
CA              129
      3.07052381        -20.56100000          0.00000000
CA              130
      1.84252381        -19.85200000          0.00000000
CA              131
      1.84252381        -18.43400000          0.00000000
CA              132
      3.07052381        -17.72500000          0.00000000
CA              133
      5.52652381        -20.56100000          0.00000000
CA              134
      4.29852381        -19.85200000          0.00000000
CA              135
      4.29852381        -18.43400000          0.00000000
CA              136
      5.52652381        -17.72500000          0.00000000
CA              137
      7.98252381        -20.56100000          0.00000000
CA              138
      6.75452381        -19.85200000          0.00000000
CA              139
      6.75452381        -18.43400000          0.00000000
CA              140
      7.98252381        -17.72500000          0.00000000
CA              141
     10.43852381        -20.56100000          0.00000000
CA              142
      9.21052381        -19.85200000          0.00000000
CA              143
      9.21052381        -18.43400000          0.00000000
CA              144
     10.43852381        -17.72500000          0.00000000
CA              145
     12.89452381        -20.56100000          0.00000000
CA              146
     11.66652381        -19.85200000          0.00000000
CA              147
     11.66652381        -18.43400000          0.00000000
CA              148
     12.89452381        -17.72500000          0.00000000
CA              149
     15.35052381        -20.56100000          0.00000000
CA              150
     14.12252381        -19.85200000          0.00000000
CA              151
     14.12252381        -18.43400000          0.00000000
CA              152
     15.35052381        -17.72500000          0.00000000
CA              153
     17.80652381        -20.56100000          0.00000000
CA              154
     16.57852381        -19.85200000          0.00000000
CA              155
     16.57852381        -18.43400000          0.00000000
CA              156
     17.80652381        -17.72500000          0.00000000
CA              157
     20.26252381        -20.56100000          0.00000000
CA              158
     19.03452381        -19.85200000          0.00000000
CA              159
     19.03452381        -18.43400000          0.00000000
CA              160
     20.26252381        -17.72500000          0.00000000
CA              161
     22.71852381        -20.56100000          0.00000000
CA              162
     21.49052381        -19.85200000          0.00000000
CA              163
     21.49052381        -18.43400000          0.00000000
CA              164
     22.71852381        -17.72500000          0.00000000
CA              165
     25.17452381        -20.56100000          0.00000000
CA              166
     23.94652381        -19.85200000          0.00000000
CA              167
     23.94652381        -18.43400000          0.00000000
CA              168
     25.17452381        -17.72500000          0.00000000
CA              169
    -23.94647619        -16.30700000          0.00000000
CA              170
    -25.17447619        -15.59800000          0.00000000
CA              171
    -25.17447619        -14.18000000          0.00000000
CA              172
    -23.94647619        -13.47100000          0.00000000
CA              173
    -21.49047619        -16.30700000          0.00000000
CA              174
    -22.71847619        -15.59800000          0.00000000
CA              175
    -22.71847619        -14.18000000          0.00000000
CA              176
    -21.49047619        -13.47100000          0.00000000
CA              177
    -19.03447619        -16.30700000          0.00000000
CA              178
    -20.26247619        -15.59800000          0.00000000
CA              179
    -20.26247619        -14.18000000          0.00000000
CA              180
    -19.03447619        -13.47100000          0.00000000
CA              181
    -16.57847619        -16.30700000          0.00000000
CA              182
    -17.80647619        -15.59800000          0.00000000
CA              183
    -17.80647619        -14.18000000          0.00000000
CA              184
    -16.57847619        -13.47100000          0.00000000
CA              185
    -14.12247619        -16.30700000          0.00000000
CA              186
    -15.35047619        -15.59800000          0.00000000
CA              187
    -15.35047619        -14.18000000          0.00000000
CA              188
    -14.12247619        -13.47100000          0.00000000
CA              189
    -11.66647619        -16.30700000          0.00000000
CA              190
    -12.89447619        -15.59800000          0.00000000
CA              191
    -12.89447619        -14.18000000          0.00000000
CA              192
    -11.66647619        -13.47100000          0.00000000
CA              193
     -9.21047619        -16.30700000          0.00000000
CA              194
    -10.43847619        -15.59800000          0.00000000
CA              195
    -10.43847619        -14.18000000          0.00000000
CA              196
     -9.21047619        -13.47100000          0.00000000
CA              197
     -6.75447619        -16.30700000          0.00000000
CA              198
     -7.98247619        -15.59800000          0.00000000
CA              199
     -7.98247619        -14.18000000          0.00000000
CA              200
     -6.75447619        -13.47100000          0.00000000
CA              201
     -4.29847619        -16.30700000          0.00000000
CA              202
     -5.52647619        -15.59800000          0.00000000
CA              203
     -5.52647619        -14.18000000          0.00000000
CA              204
     -4.29847619        -13.47100000          0.00000000
CA              205
     -1.84247619        -16.30700000          0.00000000
CA              206
     -3.07047619        -15.59800000          0.00000000
CA              207
     -3.07047619        -14.18000000          0.00000000
CA              208
     -1.84247619        -13.47100000          0.00000000
CA              209
      0.61352381        -16.30700000          0.00000000
CA              210
     -0.61447619        -15.59800000          0.00000000
CA              211
     -0.61447619        -14.18000000          0.00000000
CA              212
      0.61352381        -13.47100000          0.00000000
CA              213
      3.07052381        -16.30700000          0.00000000
CA              214
      1.84252381        -15.59800000          0.00000000
CA              215
      1.84252381        -14.18000000          0.00000000
CA              216
      3.07052381        -13.47100000          0.00000000
CA              217
      5.52652381        -16.30700000          0.00000000
CA              218
      4.29852381        -15.59800000          0.00000000
CA              219
      4.29852381        -14.18000000          0.00000000
CA              220
      5.52652381        -13.47100000          0.00000000
CA              221
      7.98252381        -16.30700000          0.00000000
CA              222
      6.75452381        -15.59800000          0.00000000
CA              223
      6.75452381        -14.18000000          0.00000000
CA              224
      7.98252381        -13.47100000          0.00000000
CA              225
     10.43852381        -16.30700000          0.00000000
CA              226
      9.21052381        -15.59800000          0.00000000
CA              227
      9.21052381        -14.18000000          0.00000000
CA              228
     10.43852381        -13.47100000          0.00000000
CA              229
     12.89452381        -16.30700000          0.00000000
CA              230
     11.66652381        -15.59800000          0.00000000
CA              231
     11.66652381        -14.18000000          0.00000000
CA              232
     12.89452381        -13.47100000          0.00000000
CA              233
     15.35052381        -16.30700000          0.00000000
CA              234
     14.12252381        -15.59800000          0.00000000
CA              235
     14.12252381        -14.18000000          0.00000000
CA              236
     15.35052381        -13.47100000          0.00000000
CA              237
     17.80652381        -16.30700000          0.00000000
CA              238
     16.57852381        -15.59800000          0.00000000
CA              239
     16.57852381        -14.18000000          0.00000000
CA              240
     17.80652381        -13.47100000          0.00000000
CA              241
     20.26252381        -16.30700000          0.00000000
CA              242
     19.03452381        -15.59800000          0.00000000
CA              243
     19.03452381        -14.18000000          0.00000000
CA              244
     20.26252381        -13.47100000          0.00000000
CA              245
     22.71852381        -16.30700000          0.00000000
CA              246
     21.49052381        -15.59800000          0.00000000
CA              247
     21.49052381        -14.18000000          0.00000000
CA              248
     22.71852381        -13.47100000          0.00000000
CA              249
     25.17452381        -16.30700000          0.00000000
CA              250
     23.94652381        -15.59800000          0.00000000
CA              251
     23.94652381        -14.18000000          0.00000000
CA              252
     25.17452381        -13.47100000          0.00000000
CA              253
    -23.94647619        -12.05300000          0.00000000
CA              254
    -25.17447619        -11.34400000          0.00000000
CA              255
    -25.17447619         -9.92600000          0.00000000
CA              256
    -23.94647619         -9.21700000          0.00000000
CA              257
    -21.49047619        -12.05300000          0.00000000
CA              258
    -22.71847619        -11.34400000          0.00000000
CA              259
    -22.71847619         -9.92600000          0.00000000
CA              260
    -21.49047619         -9.21700000          0.00000000
CA              261
    -19.03447619        -12.05300000          0.00000000
CA              262
    -20.26247619        -11.34400000          0.00000000
CA              263
    -20.26247619         -9.92600000          0.00000000
CA              264
    -19.03447619         -9.21700000          0.00000000
CA              265
    -16.57847619        -12.05300000          0.00000000
CA              266
    -17.80647619        -11.34400000          0.00000000
CA              267
    -17.80647619         -9.92600000          0.00000000
CA              268
    -16.57847619         -9.21700000          0.00000000
CA              269
    -14.12247619        -12.05300000          0.00000000
CA              270
    -15.35047619        -11.34400000          0.00000000
CA              271
    -15.35047619         -9.92600000          0.00000000
CA              272
    -14.12247619         -9.21700000          0.00000000
CA              273
    -11.66647619        -12.05300000          0.00000000
CA              274
    -12.89447619        -11.34400000          0.00000000
CA              275
    -12.89447619         -9.92600000          0.00000000
CA              276
    -11.66647619         -9.21700000          0.00000000
CA              277
     -9.21047619        -12.05300000          0.00000000
CA              278
    -10.43847619        -11.34400000          0.00000000
CA              279
    -10.43847619         -9.92600000          0.00000000
CA              280
     -9.21047619         -9.21700000          0.00000000
CA              281
     -6.75447619        -12.05300000          0.00000000
CA              282
     -7.98247619        -11.34400000          0.00000000
CA              283
     -7.98247619         -9.92600000          0.00000000
CA              284
     -6.75447619         -9.21700000          0.00000000
CA              285
     -4.29847619        -12.05300000          0.00000000
CA              286
     -5.52647619        -11.34400000          0.00000000
CA              287
     -5.52647619         -9.92600000          0.00000000
CA              288
     -4.29847619         -9.21700000          0.00000000
CA              289
     -1.84247619        -12.05300000          0.00000000
CA              290
     -3.07047619        -11.34400000          0.00000000
CA              291
     -3.07047619         -9.92600000          0.00000000
CA              292
     -1.84247619         -9.21700000          0.00000000
CA              293
      0.61352381        -12.05300000          0.00000000
CA              294
     -0.61447619        -11.34400000          0.00000000
CA              295
     -0.61447619         -9.92600000          0.00000000
CA              296
      0.61352381         -9.21700000          0.00000000
CA              297
      3.07052381        -12.05300000          0.00000000
CA              298
      1.84252381        -11.34400000          0.00000000
CA              299
      1.84252381         -9.92600000          0.00000000
CA              300
      3.07052381         -9.21700000          0.00000000
CA              301
      5.52652381        -12.05300000          0.00000000
CA              302
      4.29852381        -11.34400000          0.00000000
CA              303
      4.29852381         -9.92600000          0.00000000
CA              304
      5.52652381         -9.21700000          0.00000000
CA              305
      7.98252381        -12.05300000          0.00000000
CA              306
      6.75452381        -11.34400000          0.00000000
CA              307
      6.75452381         -9.92600000          0.00000000
CA              308
      7.98252381         -9.21700000          0.00000000
CA              309
     10.43852381        -12.05300000          0.00000000
CA              310
      9.21052381        -11.34400000          0.00000000
CA              311
      9.21052381         -9.92600000          0.00000000
CA              312
     10.43852381         -9.21700000          0.00000000
CA              313
     12.89452381        -12.05300000          0.00000000
CA              314
     11.66652381        -11.34400000          0.00000000
CA              315
     11.66652381         -9.92600000          0.00000000
CA              316
     12.89452381         -9.21700000          0.00000000
CA              317
     15.35052381        -12.05300000          0.00000000
CA              318
     14.12252381        -11.34400000          0.00000000
CA              319
     14.12252381         -9.92600000          0.00000000
CA              320
     15.35052381         -9.21700000          0.00000000
CA              321
     17.80652381        -12.05300000          0.00000000
CA              322
     16.57852381        -11.34400000          0.00000000
CA              323
     16.57852381         -9.92600000          0.00000000
CA              324
     17.80652381         -9.21700000          0.00000000
CA              325
     20.26252381        -12.05300000          0.00000000
CA              326
     19.03452381        -11.34400000          0.00000000
CA              327
     19.03452381         -9.92600000          0.00000000
CA              328
     20.26252381         -9.21700000          0.00000000
CA              329
     22.71852381        -12.05300000          0.00000000
CA              330
     21.49052381        -11.34400000          0.00000000
CA              331
     21.49052381         -9.92600000          0.00000000
CA              332
     22.71852381         -9.21700000          0.00000000
CA              333
     25.17452381        -12.05300000          0.00000000
CA              334
     23.94652381        -11.34400000          0.00000000
CA              335
     23.94652381         -9.92600000          0.00000000
CA              336
     25.17452381         -9.21700000          0.00000000
CA              337
    -23.94647619         -7.79900000          0.00000000
CA              338
    -25.17447619         -7.09000000          0.00000000
CA              339
    -25.17447619         -5.67200000          0.00000000
CA              340
    -23.94647619         -4.96300000          0.00000000
CA              341
    -21.49047619         -7.79900000          0.00000000
CA              342
    -22.71847619         -7.09000000          0.00000000
CA              343
    -22.71847619         -5.67200000          0.00000000
CA              344
    -21.49047619         -4.96300000          0.00000000
CA              345
    -19.03447619         -7.79900000          0.00000000
CA              346
    -20.26247619         -7.09000000          0.00000000
CA              347
    -20.26247619         -5.67200000          0.00000000
CA              348
    -19.03447619         -4.96300000          0.00000000
CA              349
    -16.57847619         -7.79900000          0.00000000
CA              350
    -17.80647619         -7.09000000          0.00000000
CA              351
    -17.80647619         -5.67200000          0.00000000
CA              352
    -16.57847619         -4.96300000          0.00000000
CA              353
    -14.12247619         -7.79900000          0.00000000
CA              354
    -15.35047619         -7.09000000          0.00000000
CA              355
    -15.35047619         -5.67200000          0.00000000
CA              356
    -14.12247619         -4.96300000          0.00000000
CA              357
    -11.66647619         -7.79900000          0.00000000
CA              358
    -12.89447619         -7.09000000          0.00000000
CA              359
    -12.89447619         -5.67200000          0.00000000
CA              360
    -11.66647619         -4.96300000          0.00000000
CA              361
     -9.21047619         -7.79900000          0.00000000
CA              362
    -10.43847619         -7.09000000          0.00000000
CA              363
    -10.43847619         -5.67200000          0.00000000
CA              364
     -9.21047619         -4.96300000          0.00000000
CA              365
     -6.75447619         -7.79900000          0.00000000
CA              366
     -7.98247619         -7.09000000          0.00000000
CA              367
     -7.98247619         -5.67200000          0.00000000
CA              368
     -6.75447619         -4.96300000          0.00000000
CA              369
     -4.29847619         -7.79900000          0.00000000
CA              370
     -5.52647619         -7.09000000          0.00000000
CA              371
     -5.52647619         -5.67200000          0.00000000
CA              372
     -4.29847619         -4.96300000          0.00000000
CA              373
     -1.84247619         -7.79900000          0.00000000
CA              374
     -3.07047619         -7.09000000          0.00000000
CA              375
     -3.07047619         -5.67200000          0.00000000
CA              376
     -1.84247619         -4.96300000          0.00000000
CA              377
      0.61352381         -7.79900000          0.00000000
CA              378
     -0.61447619         -7.09000000          0.00000000
CA              379
     -0.61447619         -5.67200000          0.00000000
CA              380
      0.61352381         -4.96300000          0.00000000
CA              381
      3.07052381         -7.79900000          0.00000000
CA              382
      1.84252381         -7.09000000          0.00000000
CA              383
      1.84252381         -5.67200000          0.00000000
CA              384
      3.07052381         -4.96300000          0.00000000
CA              385
      5.52652381         -7.79900000          0.00000000
CA              386
      4.29852381         -7.09000000          0.00000000
CA              387
      4.29852381         -5.67200000          0.00000000
CA              388
      5.52652381         -4.96300000          0.00000000
CA              389
      7.98252381         -7.79900000          0.00000000
CA              390
      6.75452381         -7.09000000          0.00000000
CA              391
      6.75452381         -5.67200000          0.00000000
CA              392
      7.98252381         -4.96300000          0.00000000
CA              393
     10.43852381         -7.79900000          0.00000000
CA              394
      9.21052381         -7.09000000          0.00000000
CA              395
      9.21052381         -5.67200000          0.00000000
CA              396
     10.43852381         -4.96300000          0.00000000
CA              397
     12.89452381         -7.79900000          0.00000000
CA              398
     11.66652381         -7.09000000          0.00000000
CA              399
     11.66652381         -5.67200000          0.00000000
CA              400
     12.89452381         -4.96300000          0.00000000
CA              401
     15.35052381         -7.79900000          0.00000000
CA              402
     14.12252381         -7.09000000          0.00000000
CA              403
     14.12252381         -5.67200000          0.00000000
CA              404
     15.35052381         -4.96300000          0.00000000
CA              405
     17.80652381         -7.79900000          0.00000000
CA              406
     16.57852381         -7.09000000          0.00000000
CA              407
     16.57852381         -5.67200000          0.00000000
CA              408
     17.80652381         -4.96300000          0.00000000
CA              409
     20.26252381         -7.79900000          0.00000000
CA              410
     19.03452381         -7.09000000          0.00000000
CA              411
     19.03452381         -5.67200000          0.00000000
CA              412
     20.26252381         -4.96300000          0.00000000
CA              413
     22.71852381         -7.79900000          0.00000000
CA              414
     21.49052381         -7.09000000          0.00000000
CA              415
     21.49052381         -5.67200000          0.00000000
CA              416
     22.71852381         -4.96300000          0.00000000
CA              417
     25.17452381         -7.79900000          0.00000000
CA              418
     23.94652381         -7.09000000          0.00000000
CA              419
     23.94652381         -5.67200000          0.00000000
CA              420
     25.17452381         -4.96300000          0.00000000
CA              421
    -23.94647619         -3.54500000          0.00000000
CA              422
    -25.17447619         -2.83600000          0.00000000
CA              423
    -25.17447619         -1.41800000          0.00000000
CA              424
    -23.94647619         -0.70900000          0.00000000
CA              425
    -21.49047619         -3.54500000          0.00000000
CA              426
    -22.71847619         -2.83600000          0.00000000
CA              427
    -22.71847619         -1.41800000          0.00000000
CA              428
    -21.49047619         -0.70900000          0.00000000
CA              429
    -19.03447619         -3.54500000          0.00000000
CA              430
    -20.26247619         -2.83600000          0.00000000
CA              431
    -20.26247619         -1.41800000          0.00000000
CA              432
    -19.03447619         -0.70900000          0.00000000
CA              433
    -16.57847619         -3.54500000          0.00000000
CA              434
    -17.80647619         -2.83600000          0.00000000
CA              435
    -17.80647619         -1.41800000          0.00000000
CA              436
    -16.57847619         -0.70900000          0.00000000
CA              437
    -14.12247619         -3.54500000          0.00000000
CA              438
    -15.35047619         -2.83600000          0.00000000
CA              439
    -15.35047619         -1.41800000          0.00000000
CA              440
    -14.12247619         -0.70900000          0.00000000
CA              441
    -11.66647619         -3.54500000          0.00000000
CA              442
    -12.89447619         -2.83600000          0.00000000
CA              443
    -12.89447619         -1.41800000          0.00000000
CA              444
    -11.66647619         -0.70900000          0.00000000
CA              445
     -9.21047619         -3.54500000          0.00000000
CA              446
    -10.43847619         -2.83600000          0.00000000
CA              447
    -10.43847619         -1.41800000          0.00000000
CA              448
     -9.21047619         -0.70900000          0.00000000
CA              449
     -6.75447619         -3.54500000          0.00000000
CA              450
     -7.98247619         -2.83600000          0.00000000
CA              451
     -7.98247619         -1.41800000          0.00000000
CA              452
     -6.75447619         -0.70900000          0.00000000
CA              453
     -4.29847619         -3.54500000          0.00000000
CA              454
     -5.52647619         -2.83600000          0.00000000
CA              455
     -5.52647619         -1.41800000          0.00000000
CA              456
     -4.29847619         -0.70900000          0.00000000
CA              457
     -1.84247619         -3.54500000          0.00000000
CA              458
     -3.07047619         -2.83600000          0.00000000
CA              459
     -3.07047619         -1.41800000          0.00000000
CA              460
     -1.84247619         -0.70900000          0.00000000
CA              461
      0.61352381         -3.54500000          0.00000000
CA              462
     -0.61447619         -2.83600000          0.00000000
CA              463
     -0.61447619         -1.41800000          0.00000000
CA              464
      0.61352381         -0.70900000          0.00000000
CA              465
      3.07052381         -3.54500000          0.00000000
CA              466
      1.84252381         -2.83600000          0.00000000
CA              467
      1.84252381         -1.41800000          0.00000000
CA              468
      3.07052381         -0.70900000          0.00000000
CA              469
      5.52652381         -3.54500000          0.00000000
CA              470
      4.29852381         -2.83600000          0.00000000
CA              471
      4.29852381         -1.41800000          0.00000000
CA              472
      5.52652381         -0.70900000          0.00000000
CA              473
      7.98252381         -3.54500000          0.00000000
CA              474
      6.75452381         -2.83600000          0.00000000
CA              475
      6.75452381         -1.41800000          0.00000000
CA              476
      7.98252381         -0.70900000          0.00000000
CA              477
     10.43852381         -3.54500000          0.00000000
CA              478
      9.21052381         -2.83600000          0.00000000
CA              479
      9.21052381         -1.41800000          0.00000000
CA              480
     10.43852381         -0.70900000          0.00000000
CA              481
     12.89452381         -3.54500000          0.00000000
CA              482
     11.66652381         -2.83600000          0.00000000
CA              483
     11.66652381         -1.41800000          0.00000000
CA              484
     12.89452381         -0.70900000          0.00000000
CA              485
     15.35052381         -3.54500000          0.00000000
CA              486
     14.12252381         -2.83600000          0.00000000
CA              487
     14.12252381         -1.41800000          0.00000000
CA              488
     15.35052381         -0.70900000          0.00000000
CA              489
     17.80652381         -3.54500000          0.00000000
CA              490
     16.57852381         -2.83600000          0.00000000
CA              491
     16.57852381         -1.41800000          0.00000000
CA              492
     17.80652381         -0.70900000          0.00000000
CA              493
     20.26252381         -3.54500000          0.00000000
CA              494
     19.03452381         -2.83600000          0.00000000
CA              495
     19.03452381         -1.41800000          0.00000000
CA              496
     20.26252381         -0.70900000          0.00000000
CA              497
     22.71852381         -3.54500000          0.00000000
CA              498
     21.49052381         -2.83600000          0.00000000
CA              499
     21.49052381         -1.41800000          0.00000000
CA              500
     22.71852381         -0.70900000          0.00000000
CA              501
     25.17452381         -3.54500000          0.00000000
CA              502
     23.94652381         -2.83600000          0.00000000
CA              503
     23.94652381         -1.41800000          0.00000000
CA              504
     25.17452381         -0.70900000          0.00000000
CA              505
    -23.94647619          0.70900000          0.00000000
CA              506
    -25.17447619          1.41800000          0.00000000
CA              507
    -25.17447619          2.83600000          0.00000000
CA              508
    -23.94647619          3.54500000          0.00000000
CA              509
    -21.49047619          0.70900000          0.00000000
CA              510
    -22.71847619          1.41800000          0.00000000
CA              511
    -22.71847619          2.83600000          0.00000000
CA              512
    -21.49047619          3.54500000          0.00000000
CA              513
    -19.03447619          0.70900000          0.00000000
CA              514
    -20.26247619          1.41800000          0.00000000
CA              515
    -20.26247619          2.83600000          0.00000000
CA              516
    -19.03447619          3.54500000          0.00000000
CA              517
    -16.57847619          0.70900000          0.00000000
CA              518
    -17.80647619          1.41800000          0.00000000
CA              519
    -17.80647619          2.83600000          0.00000000
CA              520
    -16.57847619          3.54500000          0.00000000
CA              521
    -14.12247619          0.70900000          0.00000000
CA              522
    -15.35047619          1.41800000          0.00000000
CA              523
    -15.35047619          2.83600000          0.00000000
CA              524
    -14.12247619          3.54500000          0.00000000
CA              525
    -11.66647619          0.70900000          0.00000000
CA              526
    -12.89447619          1.41800000          0.00000000
CA              527
    -12.89447619          2.83600000          0.00000000
CA              528
    -11.66647619          3.54500000          0.00000000
CA              529
     -9.21047619          0.70900000          0.00000000
CA              530
    -10.43847619          1.41800000          0.00000000
CA              531
    -10.43847619          2.83600000          0.00000000
CA              532
     -9.21047619          3.54500000          0.00000000
CA              533
     -6.75447619          0.70900000          0.00000000
CA              534
     -7.98247619          1.41800000          0.00000000
CA              535
     -7.98247619          2.83600000          0.00000000
CA              536
     -6.75447619          3.54500000          0.00000000
CA              537
     -4.29847619          0.70900000          0.00000000
CA              538
     -5.52647619          1.41800000          0.00000000
CA              539
     -5.52647619          2.83600000          0.00000000
CA              540
     -4.29847619          3.54500000          0.00000000
CA              541
     -1.84247619          0.70900000          0.00000000
CA              542
     -3.07047619          1.41800000          0.00000000
CA              543
     -3.07047619          2.83600000          0.00000000
CA              544
     -1.84247619          3.54500000          0.00000000
CA              545
      0.61352381          0.70900000          0.00000000
CA              546
     -0.61447619          1.41800000          0.00000000
CA              547
     -0.61447619          2.83600000          0.00000000
CA              548
      0.61352381          3.54500000          0.00000000
CA              549
      3.07052381          0.70900000          0.00000000
CA              550
      1.84252381          1.41800000          0.00000000
CA              551
      1.84252381          2.83600000          0.00000000
CA              552
      3.07052381          3.54500000          0.00000000
CA              553
      5.52652381          0.70900000          0.00000000
CA              554
      4.29852381          1.41800000          0.00000000
CA              555
      4.29852381          2.83600000          0.00000000
CA              556
      5.52652381          3.54500000          0.00000000
CA              557
      7.98252381          0.70900000          0.00000000
CA              558
      6.75452381          1.41800000          0.00000000
CA              559
      6.75452381          2.83600000          0.00000000
CA              560
      7.98252381          3.54500000          0.00000000
CA              561
     10.43852381          0.70900000          0.00000000
CA              562
      9.21052381          1.41800000          0.00000000
CA              563
      9.21052381          2.83600000          0.00000000
CA              564
     10.43852381          3.54500000          0.00000000
CA              565
     12.89452381          0.70900000          0.00000000
CA              566
     11.66652381          1.41800000          0.00000000
CA              567
     11.66652381          2.83600000          0.00000000
CA              568
     12.89452381          3.54500000          0.00000000
CA              569
     15.35052381          0.70900000          0.00000000
CA              570
     14.12252381          1.41800000          0.00000000
CA              571
     14.12252381          2.83600000          0.00000000
CA              572
     15.35052381          3.54500000          0.00000000
CA              573
     17.80652381          0.70900000          0.00000000
CA              574
     16.57852381          1.41800000          0.00000000
CA              575
     16.57852381          2.83600000          0.00000000
CA              576
     17.80652381          3.54500000          0.00000000
CA              577
     20.26252381          0.70900000          0.00000000
CA              578
     19.03452381          1.41800000          0.00000000
CA              579
     19.03452381          2.83600000          0.00000000
CA              580
     20.26252381          3.54500000          0.00000000
CA              581
     22.71852381          0.70900000          0.00000000
CA              582
     21.49052381          1.41800000          0.00000000
CA              583
     21.49052381          2.83600000          0.00000000
CA              584
     22.71852381          3.54500000          0.00000000
CA              585
     25.17452381          0.70900000          0.00000000
CA              586
     23.94652381          1.41800000          0.00000000
CA              587
     23.94652381          2.83600000          0.00000000
CA              588
     25.17452381          3.54500000          0.00000000
CA              589
    -23.94647619          4.96300000          0.00000000
CA              590
    -25.17447619          5.67200000          0.00000000
CA              591
    -25.17447619          7.09000000          0.00000000
CA              592
    -23.94647619          7.79900000          0.00000000
CA              593
    -21.49047619          4.96300000          0.00000000
CA              594
    -22.71847619          5.67200000          0.00000000
CA              595
    -22.71847619          7.09000000          0.00000000
CA              596
    -21.49047619          7.79900000          0.00000000
CA              597
    -19.03447619          4.96300000          0.00000000
CA              598
    -20.26247619          5.67200000          0.00000000
CA              599
    -20.26247619          7.09000000          0.00000000
CA              600
    -19.03447619          7.79900000          0.00000000
CA              601
    -16.57847619          4.96300000          0.00000000
CA              602
    -17.80647619          5.67200000          0.00000000
CA              603
    -17.80647619          7.09000000          0.00000000
CA              604
    -16.57847619          7.79900000          0.00000000
CA              605
    -14.12247619          4.96300000          0.00000000
CA              606
    -15.35047619          5.67200000          0.00000000
CA              607
    -15.35047619          7.09000000          0.00000000
CA              608
    -14.12247619          7.79900000          0.00000000
CA              609
    -11.66647619          4.96300000          0.00000000
CA              610
    -12.89447619          5.67200000          0.00000000
CA              611
    -12.89447619          7.09000000          0.00000000
CA              612
    -11.66647619          7.79900000          0.00000000
CA              613
     -9.21047619          4.96300000          0.00000000
CA              614
    -10.43847619          5.67200000          0.00000000
CA              615
    -10.43847619          7.09000000          0.00000000
CA              616
     -9.21047619          7.79900000          0.00000000
CA              617
     -6.75447619          4.96300000          0.00000000
CA              618
     -7.98247619          5.67200000          0.00000000
CA              619
     -7.98247619          7.09000000          0.00000000
CA              620
     -6.75447619          7.79900000          0.00000000
CA              621
     -4.29847619          4.96300000          0.00000000
CA              622
     -5.52647619          5.67200000          0.00000000
CA              623
     -5.52647619          7.09000000          0.00000000
CA              624
     -4.29847619          7.79900000          0.00000000
CA              625
     -1.84247619          4.96300000          0.00000000
CA              626
     -3.07047619          5.67200000          0.00000000
CA              627
     -3.07047619          7.09000000          0.00000000
CA              628
     -1.84247619          7.79900000          0.00000000
CA              629
      0.61352381          4.96300000          0.00000000
CA              630
     -0.61447619          5.67200000          0.00000000
CA              631
     -0.61447619          7.09000000          0.00000000
CA              632
      0.61352381          7.79900000          0.00000000
CA              633
      3.07052381          4.96300000          0.00000000
CA              634
      1.84252381          5.67200000          0.00000000
CA              635
      1.84252381          7.09000000          0.00000000
CA              636
      3.07052381          7.79900000          0.00000000
CA              637
      5.52652381          4.96300000          0.00000000
CA              638
      4.29852381          5.67200000          0.00000000
CA              639
      4.29852381          7.09000000          0.00000000
CA              640
      5.52652381          7.79900000          0.00000000
CA              641
      7.98252381          4.96300000          0.00000000
CA              642
      6.75452381          5.67200000          0.00000000
CA              643
      6.75452381          7.09000000          0.00000000
CA              644
      7.98252381          7.79900000          0.00000000
CA              645
     10.43852381          4.96300000          0.00000000
CA              646
      9.21052381          5.67200000          0.00000000
CA              647
      9.21052381          7.09000000          0.00000000
CA              648
     10.43852381          7.79900000          0.00000000
CA              649
     12.89452381          4.96300000          0.00000000
CA              650
     11.66652381          5.67200000          0.00000000
CA              651
     11.66652381          7.09000000          0.00000000
CA              652
     12.89452381          7.79900000          0.00000000
CA              653
     15.35052381          4.96300000          0.00000000
CA              654
     14.12252381          5.67200000          0.00000000
CA              655
     14.12252381          7.09000000          0.00000000
CA              656
     15.35052381          7.79900000          0.00000000
CA              657
     17.80652381          4.96300000          0.00000000
CA              658
     16.57852381          5.67200000          0.00000000
CA              659
     16.57852381          7.09000000          0.00000000
CA              660
     17.80652381          7.79900000          0.00000000
CA              661
     20.26252381          4.96300000          0.00000000
CA              662
     19.03452381          5.67200000          0.00000000
CA              663
     19.03452381          7.09000000          0.00000000
CA              664
     20.26252381          7.79900000          0.00000000
CA              665
     22.71852381          4.96300000          0.00000000
CA              666
     21.49052381          5.67200000          0.00000000
CA              667
     21.49052381          7.09000000          0.00000000
CA              668
     22.71852381          7.79900000          0.00000000
CA              669
     25.17452381          4.96300000          0.00000000
CA              670
     23.94652381          5.67200000          0.00000000
CA              671
     23.94652381          7.09000000          0.00000000
CA              672
     25.17452381          7.79900000          0.00000000
CA              673
    -23.94647619          9.21700000          0.00000000
CA              674
    -25.17447619          9.92600000          0.00000000
CA              675
    -25.17447619         11.34400000          0.00000000
CA              676
    -23.94647619         12.05300000          0.00000000
CA              677
    -21.49047619          9.21700000          0.00000000
CA              678
    -22.71847619          9.92600000          0.00000000
CA              679
    -22.71847619         11.34400000          0.00000000
CA              680
    -21.49047619         12.05300000          0.00000000
CA              681
    -19.03447619          9.21700000          0.00000000
CA              682
    -20.26247619          9.92600000          0.00000000
CA              683
    -20.26247619         11.34400000          0.00000000
CA              684
    -19.03447619         12.05300000          0.00000000
CA              685
    -16.57847619          9.21700000          0.00000000
CA              686
    -17.80647619          9.92600000          0.00000000
CA              687
    -17.80647619         11.34400000          0.00000000
CA              688
    -16.57847619         12.05300000          0.00000000
CA              689
    -14.12247619          9.21700000          0.00000000
CA              690
    -15.35047619          9.92600000          0.00000000
CA              691
    -15.35047619         11.34400000          0.00000000
CA              692
    -14.12247619         12.05300000          0.00000000
CA              693
    -11.66647619          9.21700000          0.00000000
CA              694
    -12.89447619          9.92600000          0.00000000
CA              695
    -12.89447619         11.34400000          0.00000000
CA              696
    -11.66647619         12.05300000          0.00000000
CA              697
     -9.21047619          9.21700000          0.00000000
CA              698
    -10.43847619          9.92600000          0.00000000
CA              699
    -10.43847619         11.34400000          0.00000000
CA              700
     -9.21047619         12.05300000          0.00000000
CA              701
     -6.75447619          9.21700000          0.00000000
CA              702
     -7.98247619          9.92600000          0.00000000
CA              703
     -7.98247619         11.34400000          0.00000000
CA              704
     -6.75447619         12.05300000          0.00000000
CA              705
     -4.29847619          9.21700000          0.00000000
CA              706
     -5.52647619          9.92600000          0.00000000
CA              707
     -5.52647619         11.34400000          0.00000000
CA              708
     -4.29847619         12.05300000          0.00000000
CA              709
     -1.84247619          9.21700000          0.00000000
CA              710
     -3.07047619          9.92600000          0.00000000
CA              711
     -3.07047619         11.34400000          0.00000000
CA              712
     -1.84247619         12.05300000          0.00000000
CA              713
      0.61352381          9.21700000          0.00000000
CA              714
     -0.61447619          9.92600000          0.00000000
CA              715
     -0.61447619         11.34400000          0.00000000
CA              716
      0.61352381         12.05300000          0.00000000
CA              717
      3.07052381          9.21700000          0.00000000
CA              718
      1.84252381          9.92600000          0.00000000
CA              719
      1.84252381         11.34400000          0.00000000
CA              720
      3.07052381         12.05300000          0.00000000
CA              721
      5.52652381          9.21700000          0.00000000
CA              722
      4.29852381          9.92600000          0.00000000
CA              723
      4.29852381         11.34400000          0.00000000
CA              724
      5.52652381         12.05300000          0.00000000
CA              725
      7.98252381          9.21700000          0.00000000
CA              726
      6.75452381          9.92600000          0.00000000
CA              727
      6.75452381         11.34400000          0.00000000
CA              728
      7.98252381         12.05300000          0.00000000
CA              729
     10.43852381          9.21700000          0.00000000
CA              730
      9.21052381          9.92600000          0.00000000
CA              731
      9.21052381         11.34400000          0.00000000
CA              732
     10.43852381         12.05300000          0.00000000
CA              733
     12.89452381          9.21700000          0.00000000
CA              734
     11.66652381          9.92600000          0.00000000
CA              735
     11.66652381         11.34400000          0.00000000
CA              736
     12.89452381         12.05300000          0.00000000
CA              737
     15.35052381          9.21700000          0.00000000
CA              738
     14.12252381          9.92600000          0.00000000
CA              739
     14.12252381         11.34400000          0.00000000
CA              740
     15.35052381         12.05300000          0.00000000
CA              741
     17.80652381          9.21700000          0.00000000
CA              742
     16.57852381          9.92600000          0.00000000
CA              743
     16.57852381         11.34400000          0.00000000
CA              744
     17.80652381         12.05300000          0.00000000
CA              745
     20.26252381          9.21700000          0.00000000
CA              746
     19.03452381          9.92600000          0.00000000
CA              747
     19.03452381         11.34400000          0.00000000
CA              748
     20.26252381         12.05300000          0.00000000
CA              749
     22.71852381          9.21700000          0.00000000
CA              750
     21.49052381          9.92600000          0.00000000
CA              751
     21.49052381         11.34400000          0.00000000
CA              752
     22.71852381         12.05300000          0.00000000
CA              753
     25.17452381          9.21700000          0.00000000
CA              754
     23.94652381          9.92600000          0.00000000
CA              755
     23.94652381         11.34400000          0.00000000
CA              756
     25.17452381         12.05300000          0.00000000
CA              757
    -23.94647619         13.47100000          0.00000000
CA              758
    -25.17447619         14.18000000          0.00000000
CA              759
    -25.17447619         15.59800000          0.00000000
CA              760
    -23.94647619         16.30700000          0.00000000
CA              761
    -21.49047619         13.47100000          0.00000000
CA              762
    -22.71847619         14.18000000          0.00000000
CA              763
    -22.71847619         15.59800000          0.00000000
CA              764
    -21.49047619         16.30700000          0.00000000
CA              765
    -19.03447619         13.47100000          0.00000000
CA              766
    -20.26247619         14.18000000          0.00000000
CA              767
    -20.26247619         15.59800000          0.00000000
CA              768
    -19.03447619         16.30700000          0.00000000
CA              769
    -16.57847619         13.47100000          0.00000000
CA              770
    -17.80647619         14.18000000          0.00000000
CA              771
    -17.80647619         15.59800000          0.00000000
CA              772
    -16.57847619         16.30700000          0.00000000
CA              773
    -14.12247619         13.47100000          0.00000000
CA              774
    -15.35047619         14.18000000          0.00000000
CA              775
    -15.35047619         15.59800000          0.00000000
CA              776
    -14.12247619         16.30700000          0.00000000
CA              777
    -11.66647619         13.47100000          0.00000000
CA              778
    -12.89447619         14.18000000          0.00000000
CA              779
    -12.89447619         15.59800000          0.00000000
CA              780
    -11.66647619         16.30700000          0.00000000
CA              781
     -9.21047619         13.47100000          0.00000000
CA              782
    -10.43847619         14.18000000          0.00000000
CA              783
    -10.43847619         15.59800000          0.00000000
CA              784
     -9.21047619         16.30700000          0.00000000
CA              785
     -6.75447619         13.47100000          0.00000000
CA              786
     -7.98247619         14.18000000          0.00000000
CA              787
     -7.98247619         15.59800000          0.00000000
CA              788
     -6.75447619         16.30700000          0.00000000
CA              789
     -4.29847619         13.47100000          0.00000000
CA              790
     -5.52647619         14.18000000          0.00000000
CA              791
     -5.52647619         15.59800000          0.00000000
CA              792
     -4.29847619         16.30700000          0.00000000
CA              793
     -1.84247619         13.47100000          0.00000000
CA              794
     -3.07047619         14.18000000          0.00000000
CA              795
     -3.07047619         15.59800000          0.00000000
CA              796
     -1.84247619         16.30700000          0.00000000
CA              797
      0.61352381         13.47100000          0.00000000
CA              798
     -0.61447619         14.18000000          0.00000000
CA              799
     -0.61447619         15.59800000          0.00000000
CA              800
      0.61352381         16.30700000          0.00000000
CA              801
      3.07052381         13.47100000          0.00000000
CA              802
      1.84252381         14.18000000          0.00000000
CA              803
      1.84252381         15.59800000          0.00000000
CA              804
      3.07052381         16.30700000          0.00000000
CA              805
      5.52652381         13.47100000          0.00000000
CA              806
      4.29852381         14.18000000          0.00000000
CA              807
      4.29852381         15.59800000          0.00000000
CA              808
      5.52652381         16.30700000          0.00000000
CA              809
      7.98252381         13.47100000          0.00000000
CA              810
      6.75452381         14.18000000          0.00000000
CA              811
      6.75452381         15.59800000          0.00000000
CA              812
      7.98252381         16.30700000          0.00000000
CA              813
     10.43852381         13.47100000          0.00000000
CA              814
      9.21052381         14.18000000          0.00000000
CA              815
      9.21052381         15.59800000          0.00000000
CA              816
     10.43852381         16.30700000          0.00000000
CA              817
     12.89452381         13.47100000          0.00000000
CA              818
     11.66652381         14.18000000          0.00000000
CA              819
     11.66652381         15.59800000          0.00000000
CA              820
     12.89452381         16.30700000          0.00000000
CA              821
     15.35052381         13.47100000          0.00000000
CA              822
     14.12252381         14.18000000          0.00000000
CA              823
     14.12252381         15.59800000          0.00000000
CA              824
     15.35052381         16.30700000          0.00000000
CA              825
     17.80652381         13.47100000          0.00000000
CA              826
     16.57852381         14.18000000          0.00000000
CA              827
     16.57852381         15.59800000          0.00000000
CA              828
     17.80652381         16.30700000          0.00000000
CA              829
     20.26252381         13.47100000          0.00000000
CA              830
     19.03452381         14.18000000          0.00000000
CA              831
     19.03452381         15.59800000          0.00000000
CA              832
     20.26252381         16.30700000          0.00000000
CA              833
     22.71852381         13.47100000          0.00000000
CA              834
     21.49052381         14.18000000          0.00000000
CA              835
     21.49052381         15.59800000          0.00000000
CA              836
     22.71852381         16.30700000          0.00000000
CA              837
     25.17452381         13.47100000          0.00000000
CA              838
     23.94652381         14.18000000          0.00000000
CA              839
     23.94652381         15.59800000          0.00000000
CA              840
     25.17452381         16.30700000          0.00000000
CA              841
    -23.94647619         17.72500000          0.00000000
CA              842
    -25.17447619         18.43400000          0.00000000
CA              843
    -25.17447619         19.85200000          0.00000000
CA              844
    -23.94647619         20.56100000          0.00000000
CA              845
    -21.49047619         17.72500000          0.00000000
CA              846
    -22.71847619         18.43400000          0.00000000
CA              847
    -22.71847619         19.85200000          0.00000000
CA              848
    -21.49047619         20.56100000          0.00000000
CA              849
    -19.03447619         17.72500000          0.00000000
CA              850
    -20.26247619         18.43400000          0.00000000
CA              851
    -20.26247619         19.85200000          0.00000000
CA              852
    -19.03447619         20.56100000          0.00000000
CA              853
    -16.57847619         17.72500000          0.00000000
CA              854
    -17.80647619         18.43400000          0.00000000
CA              855
    -17.80647619         19.85200000          0.00000000
CA              856
    -16.57847619         20.56100000          0.00000000
CA              857
    -14.12247619         17.72500000          0.00000000
CA              858
    -15.35047619         18.43400000          0.00000000
CA              859
    -15.35047619         19.85200000          0.00000000
CA              860
    -14.12247619         20.56100000          0.00000000
CA              861
    -11.66647619         17.72500000          0.00000000
CA              862
    -12.89447619         18.43400000          0.00000000
CA              863
    -12.89447619         19.85200000          0.00000000
CA              864
    -11.66647619         20.56100000          0.00000000
CA              865
     -9.21047619         17.72500000          0.00000000
CA              866
    -10.43847619         18.43400000          0.00000000
CA              867
    -10.43847619         19.85200000          0.00000000
CA              868
     -9.21047619         20.56100000          0.00000000
CA              869
     -6.75447619         17.72500000          0.00000000
CA              870
     -7.98247619         18.43400000          0.00000000
CA              871
     -7.98247619         19.85200000          0.00000000
CA              872
     -6.75447619         20.56100000          0.00000000
CA              873
     -4.29847619         17.72500000          0.00000000
CA              874
     -5.52647619         18.43400000          0.00000000
CA              875
     -5.52647619         19.85200000          0.00000000
CA              876
     -4.29847619         20.56100000          0.00000000
CA              877
     -1.84247619         17.72500000          0.00000000
CA              878
     -3.07047619         18.43400000          0.00000000
CA              879
     -3.07047619         19.85200000          0.00000000
CA              880
     -1.84247619         20.56100000          0.00000000
CA              881
      0.61352381         17.72500000          0.00000000
CA              882
     -0.61447619         18.43400000          0.00000000
CA              883
     -0.61447619         19.85200000          0.00000000
CA              884
      0.61352381         20.56100000          0.00000000
CA              885
      3.07052381         17.72500000          0.00000000
CA              886
      1.84252381         18.43400000          0.00000000
CA              887
      1.84252381         19.85200000          0.00000000
CA              888
      3.07052381         20.56100000          0.00000000
CA              889
      5.52652381         17.72500000          0.00000000
CA              890
      4.29852381         18.43400000          0.00000000
CA              891
      4.29852381         19.85200000          0.00000000
CA              892
      5.52652381         20.56100000          0.00000000
CA              893
      7.98252381         17.72500000          0.00000000
CA              894
      6.75452381         18.43400000          0.00000000
CA              895
      6.75452381         19.85200000          0.00000000
CA              896
      7.98252381         20.56100000          0.00000000
CA              897
     10.43852381         17.72500000          0.00000000
CA              898
      9.21052381         18.43400000          0.00000000
CA              899
      9.21052381         19.85200000          0.00000000
CA              900
     10.43852381         20.56100000          0.00000000
CA              901
     12.89452381         17.72500000          0.00000000
CA              902
     11.66652381         18.43400000          0.00000000
CA              903
     11.66652381         19.85200000          0.00000000
CA              904
     12.89452381         20.56100000          0.00000000
CA              905
     15.35052381         17.72500000          0.00000000
CA              906
     14.12252381         18.43400000          0.00000000
CA              907
     14.12252381         19.85200000          0.00000000
CA              908
     15.35052381         20.56100000          0.00000000
CA              909
     17.80652381         17.72500000          0.00000000
CA              910
     16.57852381         18.43400000          0.00000000
CA              911
     16.57852381         19.85200000          0.00000000
CA              912
     17.80652381         20.56100000          0.00000000
CA              913
     20.26252381         17.72500000          0.00000000
CA              914
     19.03452381         18.43400000          0.00000000
CA              915
     19.03452381         19.85200000          0.00000000
CA              916
     20.26252381         20.56100000          0.00000000
CA              917
     22.71852381         17.72500000          0.00000000
CA              918
     21.49052381         18.43400000          0.00000000
CA              919
     21.49052381         19.85200000          0.00000000
CA              920
     22.71852381         20.56100000          0.00000000
CA              921
     25.17452381         17.72500000          0.00000000
CA              922
     23.94652381         18.43400000          0.00000000
CA              923
     23.94652381         19.85200000          0.00000000
CA              924
     25.17452381         20.56100000          0.00000000
CA              925
    -23.94647619         21.97900000          0.00000000
CA              926
    -25.17447619         22.68800000          0.00000000
CA              927
    -25.17447619         24.10600000          0.00000000
CA              928
    -23.94647619         24.81500000          0.00000000
CA              929
    -21.49047619         21.97900000          0.00000000
CA              930
    -22.71847619         22.68800000          0.00000000
CA              931
    -22.71847619         24.10600000          0.00000000
CA              932
    -21.49047619         24.81500000          0.00000000
CA              933
    -19.03447619         21.97900000          0.00000000
CA              934
    -20.26247619         22.68800000          0.00000000
CA              935
    -20.26247619         24.10600000          0.00000000
CA              936
    -19.03447619         24.81500000          0.00000000
CA              937
    -16.57847619         21.97900000          0.00000000
CA              938
    -17.80647619         22.68800000          0.00000000
CA              939
    -17.80647619         24.10600000          0.00000000
CA              940
    -16.57847619         24.81500000          0.00000000
CA              941
    -14.12247619         21.97900000          0.00000000
CA              942
    -15.35047619         22.68800000          0.00000000
CA              943
    -15.35047619         24.10600000          0.00000000
CA              944
    -14.12247619         24.81500000          0.00000000
CA              945
    -11.66647619         21.97900000          0.00000000
CA              946
    -12.89447619         22.68800000          0.00000000
CA              947
    -12.89447619         24.10600000          0.00000000
CA              948
    -11.66647619         24.81500000          0.00000000
CA              949
     -9.21047619         21.97900000          0.00000000
CA              950
    -10.43847619         22.68800000          0.00000000
CA              951
    -10.43847619         24.10600000          0.00000000
CA              952
     -9.21047619         24.81500000          0.00000000
CA              953
     -6.75447619         21.97900000          0.00000000
CA              954
     -7.98247619         22.68800000          0.00000000
CA              955
     -7.98247619         24.10600000          0.00000000
CA              956
     -6.75447619         24.81500000          0.00000000
CA              957
     -4.29847619         21.97900000          0.00000000
CA              958
     -5.52647619         22.68800000          0.00000000
CA              959
     -5.52647619         24.10600000          0.00000000
CA              960
     -4.29847619         24.81500000          0.00000000
CA              961
     -1.84247619         21.97900000          0.00000000
CA              962
     -3.07047619         22.68800000          0.00000000
CA              963
     -3.07047619         24.10600000          0.00000000
CA              964
     -1.84247619         24.81500000          0.00000000
CA              965
      0.61352381         21.97900000          0.00000000
CA              966
     -0.61447619         22.68800000          0.00000000
CA              967
     -0.61447619         24.10600000          0.00000000
CA              968
      0.61352381         24.81500000          0.00000000
CA              969
      3.07052381         21.97900000          0.00000000
CA              970
      1.84252381         22.68800000          0.00000000
CA              971
      1.84252381         24.10600000          0.00000000
CA              972
      3.07052381         24.81500000          0.00000000
CA              973
      5.52652381         21.97900000          0.00000000
CA              974
      4.29852381         22.68800000          0.00000000
CA              975
      4.29852381         24.10600000          0.00000000
CA              976
      5.52652381         24.81500000          0.00000000
CA              977
      7.98252381         21.97900000          0.00000000
CA              978
      6.75452381         22.68800000          0.00000000
CA              979
      6.75452381         24.10600000          0.00000000
CA              980
      7.98252381         24.81500000          0.00000000
CA              981
     10.43852381         21.97900000          0.00000000
CA              982
      9.21052381         22.68800000          0.00000000
CA              983
      9.21052381         24.10600000          0.00000000
CA              984
     10.43852381         24.81500000          0.00000000
CA              985
     12.89452381         21.97900000          0.00000000
CA              986
     11.66652381         22.68800000          0.00000000
CA              987
     11.66652381         24.10600000          0.00000000
CA              988
     12.89452381         24.81500000          0.00000000
CA              989
     15.35052381         21.97900000          0.00000000
CA              990
     14.12252381         22.68800000          0.00000000
CA              991
     14.12252381         24.10600000          0.00000000
CA              992
     15.35052381         24.81500000          0.00000000
CA              993
     17.80652381         21.97900000          0.00000000
CA              994
     16.57852381         22.68800000          0.00000000
CA              995
     16.57852381         24.10600000          0.00000000
CA              996
     17.80652381         24.81500000          0.00000000
CA              997
     20.26252381         21.97900000          0.00000000
CA              998
     19.03452381         22.68800000          0.00000000
CA              999
     19.03452381         24.10600000          0.00000000
CA             1000
     20.26252381         24.81500000          0.00000000
CA             1001
     22.71852381         21.97900000          0.00000000
CA             1002
     21.49052381         22.68800000          0.00000000
CA             1003
     21.49052381         24.10600000          0.00000000
CA             1004
     22.71852381         24.81500000          0.00000000
CA             1005
     25.17452381         21.97900000          0.00000000
CA             1006
     23.94652381         22.68800000          0.00000000
CA             1007
     23.94652381         24.10600000          0.00000000
CA             1008
     25.17452381         24.81500000          0.00000000
